The current state is [[3, 2, 1], [], []]
After a move, now game states track adds a new state [[[3, 2, 1], [], []], [[3, 2], [1], []]]
After a move, now game states track adds a new state [[[3, 2, 1], [], []], [[3, 2], [1], []], [[3, 2], [], [1]]]

The current state is [[3, 2], [1], []]
After a move, now game states track adds a new state [[[3, 2, 1], [], []], [[3, 2], [1], []], [[3, 2], [], [1]], [[3], [1], [2]]]

The current state is [[3, 2], [], [1]]
After a move, now game states track adds a new state [[[3, 2, 1], [], []], [[3, 2], [1], []], [[3, 2], [], [1]], [[3], [1], [2]], [[3], [2], [1]]]

The current state is [[3], [1], [2]]
After a move, now game states track adds a new state [[[3, 2, 1], [], []], [[3, 2], [1], []], [[3, 2], [], [1]], [[3], [1], [2]], [[3], [2], [1]], [[3, 1], [], [2]]]
After a move, now game states track adds a new state [[[3, 2, 1], [], []], [[3, 2], [1], []], [[3, 2], [], [1]], [[3], [1], [2]], [[3], [2], [1]], [[3, 1], [], [2]], [[3], [], [2, 1]]]

The current state is [[3], [2], [1]]
After a move, now game states track adds a new state [[[3, 2, 1], [], []], [[3, 2], [1], []], [[3, 2], [], [1]], [[3], [1], [2]], [[3], [2], [1]], [[3, 1], [], [2]], [[3], [], [2, 1]], [[3, 1], [2], []]]
After a move, now game states track adds a new state [[[3, 2, 1], [], []], [[3, 2], [1], []], [[3, 2], [], [1]], [[3], [1], [2]], [[3], [2], [1]], [[3, 1], [], [2]], [[3], [], [2, 1]], [[3, 1], [2], []], [[3], [2, 1], []]]

The current state is [[3, 1], [], [2]]

The current state is [[3], [], [2, 1]]
After a move, now game states track adds a new state [[[3, 2, 1], [], []], [[3, 2], [1], []], [[3, 2], [], [1]], [[3], [1], [2]], [[3], [2], [1]], [[3, 1], [], [2]], [[3], [], [2, 1]], [[3, 1], [2], []], [[3], [2, 1], []], [[], [3], [2, 1]]]

The current state is [[3, 1], [2], []]

The current state is [[3], [2, 1], []]
After a move, now game states track adds a new state [[[3, 2, 1], [], []], [[3, 2], [1], []], [[3, 2], [], [1]], [[3], [1], [2]], [[3], [2], [1]], [[3, 1], [], [2]], [[3], [], [2, 1]], [[3, 1], [2], []], [[3], [2, 1], []], [[], [3], [2, 1]], [[], [2, 1], [3]]]

The current state is [[], [3], [2, 1]]
After a move, now game states track adds a new state [[[3, 2, 1], [], []], [[3, 2], [1], []], [[3, 2], [], [1]], [[3], [1], [2]], [[3], [2], [1]], [[3, 1], [], [2]], [[3], [], [2, 1]], [[3, 1], [2], []], [[3], [2, 1], []], [[], [3], [2, 1]], [[], [2, 1], [3]], [[1], [3], [2]]]
After a move, now game states track adds a new state [[[3, 2, 1], [], []], [[3, 2], [1], []], [[3, 2], [], [1]], [[3], [1], [2]], [[3], [2], [1]], [[3, 1], [], [2]], [[3], [], [2, 1]], [[3, 1], [2], []], [[3], [2, 1], []], [[], [3], [2, 1]], [[], [2, 1], [3]], [[1], [3], [2]], [[], [3, 1], [2]]]

The current state is [[], [2, 1], [3]]
After a move, now game states track adds a new state [[[3, 2, 1], [], []], [[3, 2], [1], []], [[3, 2], [], [1]], [[3], [1], [2]], [[3], [2], [1]], [[3, 1], [], [2]], [[3], [], [2, 1]], [[3, 1], [2], []], [[3], [2, 1], []], [[], [3], [2, 1]], [[], [2, 1], [3]], [[1], [3], [2]], [[], [3, 1], [2]], [[1], [2], [3]]]
After a move, now game states track adds a new state [[[3, 2, 1], [], []], [[3, 2], [1], []], [[3, 2], [], [1]], [[3], [1], [2]], [[3], [2], [1]], [[3, 1], [], [2]], [[3], [], [2, 1]], [[3, 1], [2], []], [[3], [2, 1], []], [[], [3], [2, 1]], [[], [2, 1], [3]], [[1], [3], [2]], [[], [3, 1], [2]], [[1], [2], [3]], [[], [2], [3, 1]]]

The current state is [[1], [3], [2]]
After a move, now game states track adds a new state [[[3, 2, 1], [], []], [[3, 2], [1], []], [[3, 2], [], [1]], [[3], [1], [2]], [[3], [2], [1]], [[3, 1], [], [2]], [[3], [], [2, 1]], [[3, 1], [2], []], [[3], [2, 1], []], [[], [3], [2, 1]], [[], [2, 1], [3]], [[1], [3], [2]], [[], [3, 1], [2]], [[1], [2], [3]], [[], [2], [3, 1]], [[1], [3, 2], []]]

The current state is [[], [3, 1], [2]]
After a move, now game states track adds a new state [[[3, 2, 1], [], []], [[3, 2], [1], []], [[3, 2], [], [1]], [[3], [1], [2]], [[3], [2], [1]], [[3, 1], [], [2]], [[3], [], [2, 1]], [[3, 1], [2], []], [[3], [2, 1], []], [[], [3], [2, 1]], [[], [2, 1], [3]], [[1], [3], [2]], [[], [3, 1], [2]], [[1], [2], [3]], [[], [2], [3, 1]], [[1], [3, 2], []], [[2], [3, 1], []]]

The current state is [[1], [2], [3]]
After a move, now game states track adds a new state [[[3, 2, 1], [], []], [[3, 2], [1], []], [[3, 2], [], [1]], [[3], [1], [2]], [[3], [2], [1]], [[3, 1], [], [2]], [[3], [], [2, 1]], [[3, 1], [2], []], [[3], [2, 1], []], [[], [3], [2, 1]], [[], [2, 1], [3]], [[1], [3], [2]], [[], [3, 1], [2]], [[1], [2], [3]], [[], [2], [3, 1]], [[1], [3, 2], []], [[2], [3, 1], []], [[1], [], [3, 2]]]

The current state is [[], [2], [3, 1]]
After a move, now game states track adds a new state [[[3, 2, 1], [], []], [[3, 2], [1], []], [[3, 2], [], [1]], [[3], [1], [2]], [[3], [2], [1]], [[3, 1], [], [2]], [[3], [], [2, 1]], [[3, 1], [2], []], [[3], [2, 1], []], [[], [3], [2, 1]], [[], [2, 1], [3]], [[1], [3], [2]], [[], [3, 1], [2]], [[1], [2], [3]], [[], [2], [3, 1]], [[1], [3, 2], []], [[2], [3, 1], []], [[1], [], [3, 2]], [[2], [], [3, 1]]]

The current state is [[1], [3, 2], []]
After a move, now game states track adds a new state [[[3, 2, 1], [], []], [[3, 2], [1], []], [[3, 2], [], [1]], [[3], [1], [2]], [[3], [2], [1]], [[3, 1], [], [2]], [[3], [], [2, 1]], [[3, 1], [2], []], [[3], [2, 1], []], [[], [3], [2, 1]], [[], [2, 1], [3]], [[1], [3], [2]], [[], [3, 1], [2]], [[1], [2], [3]], [[], [2], [3, 1]], [[1], [3, 2], []], [[2], [3, 1], []], [[1], [], [3, 2]], [[2], [], [3, 1]], [[], [3, 2, 1], []]]
After a move, now game states track adds a new state [[[3, 2, 1], [], []], [[3, 2], [1], []], [[3, 2], [], [1]], [[3], [1], [2]], [[3], [2], [1]], [[3, 1], [], [2]], [[3], [], [2, 1]], [[3, 1], [2], []], [[3], [2, 1], []], [[], [3], [2, 1]], [[], [2, 1], [3]], [[1], [3], [2]], [[], [3, 1], [2]], [[1], [2], [3]], [[], [2], [3, 1]], [[1], [3, 2], []], [[2], [3, 1], []], [[1], [], [3, 2]], [[2], [], [3, 1]], [[], [3, 2, 1], []], [[], [3, 2], [1]]]

The current state is [[2], [3, 1], []]
After a move, now game states track adds a new state [[[3, 2, 1], [], []], [[3, 2], [1], []], [[3, 2], [], [1]], [[3], [1], [2]], [[3], [2], [1]], [[3, 1], [], [2]], [[3], [], [2, 1]], [[3, 1], [2], []], [[3], [2, 1], []], [[], [3], [2, 1]], [[], [2, 1], [3]], [[1], [3], [2]], [[], [3, 1], [2]], [[1], [2], [3]], [[], [2], [3, 1]], [[1], [3, 2], []], [[2], [3, 1], []], [[1], [], [3, 2]], [[2], [], [3, 1]], [[], [3, 2, 1], []], [[], [3, 2], [1]], [[2, 1], [3], []]]
After a move, now game states track adds a new state [[[3, 2, 1], [], []], [[3, 2], [1], []], [[3, 2], [], [1]], [[3], [1], [2]], [[3], [2], [1]], [[3, 1], [], [2]], [[3], [], [2, 1]], [[3, 1], [2], []], [[3], [2, 1], []], [[], [3], [2, 1]], [[], [2, 1], [3]], [[1], [3], [2]], [[], [3, 1], [2]], [[1], [2], [3]], [[], [2], [3, 1]], [[1], [3, 2], []], [[2], [3, 1], []], [[1], [], [3, 2]], [[2], [], [3, 1]], [[], [3, 2, 1], []], [[], [3, 2], [1]], [[2, 1], [3], []], [[2], [3], [1]]]

The current state is [[1], [], [3, 2]]
After a move, now game states track adds a new state [[[3, 2, 1], [], []], [[3, 2], [1], []], [[3, 2], [], [1]], [[3], [1], [2]], [[3], [2], [1]], [[3, 1], [], [2]], [[3], [], [2, 1]], [[3, 1], [2], []], [[3], [2, 1], []], [[], [3], [2, 1]], [[], [2, 1], [3]], [[1], [3], [2]], [[], [3, 1], [2]], [[1], [2], [3]], [[], [2], [3, 1]], [[1], [3, 2], []], [[2], [3, 1], []], [[1], [], [3, 2]], [[2], [], [3, 1]], [[], [3, 2, 1], []], [[], [3, 2], [1]], [[2, 1], [3], []], [[2], [3], [1]], [[], [1], [3, 2]]]
After a move, now game states track adds a new state [[[3, 2, 1], [], []], [[3, 2], [1], []], [[3, 2], [], [1]], [[3], [1], [2]], [[3], [2], [1]], [[3, 1], [], [2]], [[3], [], [2, 1]], [[3, 1], [2], []], [[3], [2, 1], []], [[], [3], [2, 1]], [[], [2, 1], [3]], [[1], [3], [2]], [[], [3, 1], [2]], [[1], [2], [3]], [[], [2], [3, 1]], [[1], [3, 2], []], [[2], [3, 1], []], [[1], [], [3, 2]], [[2], [], [3, 1]], [[], [3, 2, 1], []], [[], [3, 2], [1]], [[2, 1], [3], []], [[2], [3], [1]], [[], [1], [3, 2]], [[], [], [3, 2, 1]]]
I found it!
